0 4.94066e-323 8.433e-316 6.95237e-311 0.1
10 1 1.8 1.7 1.1
20 2 5.5 5.3 4
30 4.2 13 12.7 7.5
40 8.7 24.7 26.3 15.1
50 14.5 41 44.3 23
60 14.6 47.6 47.7 25.1
70 17.2 59.4 61.1 30.6
80 21.5 77.6 79 38.6
90 26.8 96.4 98.9 47.5
100 32.9 120.6 126.4 60.3
110 44.5 152.2 152.7 70.3
120 47.3 172.2 176.4 78.9
130 54.5 198 202.9 90.9
140 71.5 249.5 254.1 112.6
150 69.3 258.4 264.6 117.4
160 85.5 316.7 332 142.9
170 108.1 369.1 399.4 173.4
180 101.5 376.6 377.9 164
190 127.2 446.9 457.2 192.9
200 128.6 467.7 476.4 204.3
210 145.2 522.8 550.3 228.7
220 187.7 646.2 682.1 295.1
230 194.4 653.7 685.4 283.8
240 174.2 662 695.9 288.2
250 185.1 724.3 741 299.8
260 217.8 787.9 790.6 335.7
270 218.5 831.8 861.1 351.4
280 241.5 901.4 916.4 371.4
290 251.6 985.8 1005.4 397
300 266.3 1041.4 1054.5 429.7
310 403.8 1494.6 1495.5 684.2
320 353.6 1339.1 1352.7 540.4
330 426 1546.9 1640.3 657.4
340 484.8 1577.8 1681.2 677.4
350 372.8 1446.5 1448.8 563.9
360 467.1 1712.9 1718.3 690.2
370 540.4 1767.7 1767.8 783.9
380 626.7 1892.8 1942.7 904.3
390 642.5 1980.5 2053.7 956.7
400 637.1 2030 2061.4 911.5
410 534.5 2012.2 2035.3 784.4
420 599.5 2128.7 2533.3 858.2
430 650.6 2411.3 2450.6 1025.9
440 743.8 2707.8 2881.2 1153.8
450 699.6 2641 2718.6 1028.3
460 665.4 2612.7 2690.1 1047.7
470 724.8 2684.4 2709.4 1009.3
480 787.5 2873 3047.4 1175.1
490 718.3 2834.7 2910.9 1071.5
500 731.4 2914.7 2987.4 1113.1
510 815.6 3078.3 3314.2 1242.2
520 981.5 3501.9 3755.2 1443.7
530 1111.7 3885.6 4007.8 1580.4
540 910.2 3432.3 3442.9 1310.5
550 875.7 3509.2 3832 1389.7
560 955.7 3688.6 3730.4 1428.2
570 1005.1 3924.2 4063.7 1526
580 1031.3 3943 4182.2 1594.6
590 1250.7 4547.9 4663.1 1810.7
600 1050.2 4157.7 4262.4 1585.4
610 1099.8 4460.1 4407.2 1639.7
620 1129.4 4432.3 4532.6 1691.4
630 1157.8 4651.7 4781.4 1791
640 1185.2 4724.1 4831 1801.3
650 1244.7 4881.1 4992.8 1855
660 1268.9 5073.2 5210 1922.2
670 1378 5341.9 5362.5 1963.8
680 1356 5356.7 5499.9 2022.3
690 1390.2 5524.8 5718 2206.6
700 1445.1 5831.3 5804.9 2130.8
710 1475.3 5972.4 5990.8 2182.7
720 1522.7 6074.7 6243.5 2327.7
730 1557.1 6332.2 6468.8 2310
740 1641.5 6479.1 6617.3 2407
750 1662.8 6595 6757.7 2517.9
760 1670.5 6832.7 6946.5 2495.5
770 1738.2 7001.8 7135.8 2570.9
780 1751.9 7229.7 7476.3 2653.7
790 1880.4 7440.5 7597.7 2720.4
800 2079.6 8105.1 7964.2 3021
810 1908.9 7663.2 7851.1 2842.8
820 1957.1 7871.5 8064.7 2946.5
830 1991.7 8102.5 8256.7 2963.9
840 2066.8 8458.1 8580 3042.5
850 2242.8 8794.8 9062 3258.5
860 2245.3 8951.8 9568 3460.9
870 2624.5 9979.5 9917 3803.6
880 2245.9 9102.8 9345.7 3349.9
890 2309.1 9349.2 9552.1 3431.1
900 2686.7 10078.2 10630.8 4001.1
910 2620.9 10145.6 10266.3 3881.3
920 2667.2 10453.9 10774.2 3920
930 2478.1 10259 10613.4 3709.5
940 2535.9 10481.9 10599.2 3881.5
950 2615.5 10544.3 10860.8 3876.5
960 2692.2 10954.8 11184.8 3964.7
970 2764.7 11058 11401.6 4037.5
980 2803 11482.9 11668.7 4155.3
990 2812.7 11580 12012.3 4195.7
1000 2906.7 11966.4 12150.8 4257.4
